</s> 25000
time 336056
min 125000
mean 125000
max 125000
skyCover 125000
mode-bucket-0-100-4 125000
0 96975
6-21 93581
17-30 92680
mode 86056
75-100 48137
rainChance 44884
50-75 33601
25-50 26202
<s> 25000
temperature 25000
windChill 25000
windSpeed 25000
mode-bucket-0-20-2 25000
windDir 25000
gust 25000
precipPotential 25000
<unk> 25000
Chc 24433
9-21 19214
6-13 19092
13-21 19042
6-9 18991
21-30 18561
17-21 18544
17-26 18219
26-30 18132
SChc 17987
0-25 17060
0-10 12750
10-20 12250
Def 9864
thunderChance 9566
5 9423
10 9354
Lkly 8772
6 8282
8 8172
7 8083
9 7542
3 7087
13 7066
14 6816
11 6446
20 6429
2 6423
snowChance 5839
15 5269
1 5071
16 4624
33 4320
21 4297
30 4247
18 4231
32 4183
34 4136
40 4133
23 4107
46 4076
45 4065
39 4043
36 3997
44 3984
17 3984
22 3983
S 3979
43 3978
31 3964
47 3947
41 3915
24 3894
29 3805
28 3804
35 3785
48 3758
38 3710
37 3685
12 3563
42 3547
4 3435
25 3410
26 3407
50 3270
49 2998
SSW 2872
27 2853
19 2587
SSE 2577
SW 2404
WNW 2333
51 2186
SE 2085
53 1982
52 1903
60 1849
54 1819
55 1814
W 1795
56 1724
57 1652
59 1571
WSW 1532
58 1517
61 1426
62 1382
63 1361
ESE 1311
64 1231
65 1216
70 1176
NW 1169
68 1077
66 1064
67 1030
E 992
69 950
73 765
71 748
74 721
75 716
90 714
freezingRainChance 637
72 630
80 555
ENE 549
76 530
78 507
NNW 469
NE 427
77 397
N 351
79 261
100 219
81 201
85 185
83 172
82 170
95 170
86 150
84 137
87 134
sleetChance 130
NNE 125
94 113
88 109
89 109
91 73
92 71
96 61
93 56
98 38
97 35
99 22
-1 16
-3 15
-6 13
-4 12
-5 11
-2 8
-18 6
-8 6
-20 5
-10 5
-19 4
-14 4
-25 4
-13 3
-16 3
-41 3
-30 2
-12 2
-40 2
-29 1
-9 1
-39 1
-27 1
-38 1
-28 1
-49 1
-31 1
-48 1
-7 1
-21 1
-15 1
-11 1
-32 1
